0 0 0
1 0 0
2 0 0
3 0 0
4 0 0
5 0 0
6 0 0
7 0 0
8 0 0
9 0 0
10 0 0

0 1 0
1 1 0
2 1 0
3 1 0.405093
4 1 0.494094
5 1 0.405093
6 1 0
7 1 0
8 1 0
9 1 0
10 1 0

0 2 0
1 2 0
2 2 0.772727
3 2 1.22066
4 2 1.49409
5 2 1.22066
6 2 0.772727
7 2 0.490079
8 2 0.347716
9 2 0
10 2 0

0 3 0
1 3 0.405093
2 3 1.22066
3 3 2.03533
4 3 2.49409
5 3 2.03533
6 3 1.77273
7 3 1.49008
8 3 1.08675
9 3 0.347715
10 3 0

0 4 0
1 4 0.494094
2 4 1.49409
3 4 2.49409
4 4 3.41877
5 4 2.94754
6 4 2.68337
7 4 2.456
8 4 1.49008
9 4 0.490079
10 4 0

0 5 0
1 5 0.405093
2 5 1.22066
3 5 2.03533
4 5 2.49409
5 5 2.03533
6 5 1.77273
7 5 1.49008
8 5 1.08675
9 5 0.347715
10 5 0

0 6 0
1 6 0
2 6 0.772727
3 6 1.22066
4 6 1.49409
5 6 1.22066
6 6 0.772727
7 6 0.490079
8 6 0.347716
9 6 0
10 6 0

0 7 0
1 7 0
2 7 0
3 7 0.405093
4 7 0.494094
5 7 0.405093
6 7 0
7 7 0
8 7 0
9 7 0
10 7 0

0 8 0
1 8 0
2 8 0
3 8 0
4 8 0
5 8 0
6 8 0
7 8 0
8 8 0
9 8 0
10 8 0

