0 0 256
1 0 256
2 0 256
3 0 256
4 0 256
5 0 256
6 0 256
7 0 256
8 0 256
9 0 256
10 0 256

0 1 256
1 1 256
2 1 165
3 1 40
4 1 2
5 1 40
6 1 165
7 1 256
8 1 256
9 1 256
10 1 256

0 2 256
1 2 165
2 2 0
3 2 0
4 2 0
5 2 0
6 2 0
7 2 4
8 2 59
9 2 220
10 2 256

0 3 256
1 3 40
2 3 0
3 3 0
4 3 0
5 3 0
6 3 0
7 3 0
8 3 0
9 3 59
10 3 256

0 4 256
1 4 2
2 4 0
3 4 0
4 4 0
5 4 0
6 4 0
7 4 0
8 4 0
9 4 4
10 4 256

0 5 256
1 5 40
2 5 0
3 5 0
4 5 0
5 5 0
6 5 0
7 5 0
8 5 0
9 5 59
10 5 256

0 6 256
1 6 165
2 6 0
3 6 0
4 6 0
5 6 0
6 6 0
7 6 4
8 6 59
9 6 220
10 6 256

0 7 256
1 7 256
2 7 165
3 7 40
4 7 2
5 7 40
6 7 165
7 7 256
8 7 256
9 7 256
10 7 256

0 8 256
1 8 256
2 8 256
3 8 256
4 8 256
5 8 256
6 8 256
7 8 256
8 8 256
9 8 256
10 8 256

